for model 1, te40, tte100

Max Accuracy: 0.9042857142857144	Epoch: 39
1     0.674694
2     0.799796
3     0.836735
4     0.861020
5     0.870000
6     0.875714
7     0.879388
8     0.888163
9     0.881633
10    0.893265
11    0.891224
12    0.893265
13    0.891429
14    0.890816
15    0.892245
16    0.895714
17    0.891224
18    0.896939
19    0.897551
20    0.900204
21    0.897551
22    0.899592
23    0.898776
24    0.900204
25    0.900204
26    0.902041
27    0.902857
28    0.896735
29    0.900000
30    0.900000
31    0.902041
32    0.897347
33    0.900408
34    0.903673
35    0.902653
36    0.900000
37    0.902449
38    0.900816
39    0.904286
40    0.901837
dtype: float64
Min Loss: 0.3447682070833624	Epoch: 7
1     0.586610
2     0.440738
3     0.393990
4     0.364045
5     0.350751
6     0.352933
7     0.344768
8     0.355691
9     0.384513
10    0.368615
11    0.383067
12    0.418104
13    0.406654
14    0.462530
15    0.485361
16    0.477206
17    0.504241
18    0.528688
19    0.564752
20    0.546433
21    0.575572
22    0.571530
23    0.568905
24    0.618901
25    0.612348
26    0.642470
27    0.656864
28    0.676604
29    0.679389
30    0.695162
31    0.705397
32    0.726602
33    0.734902
34    0.727012
35    0.733328
36    0.782594
37    0.800766
38    0.787499
39    0.780131
40    0.826098
dtype: float64
